a=1;
b=5;
c=3;
a=a+(b+c)
a=a+(b>c)
a=a+(b<c)
f=a<=b
a=[1 2 3 4; 5 6 7 8; 9 10 11 12];
b=[3 2 3 3; 5 6 2 2; 4 10 11 11];
c=a==b
d=a>b